0,0.97,0.14
1,-0.22,0.69
2,-0.54,0.28
3,-0.36,0.84
4,-0.83,0.12
5,0.30,0.15
6,0.05,-0.94
7,0.37,0.05
8,0.36,0.36
9,-0.32,-0.17
10,0.97,0.43
11,-0.95,0.14
12,-0.81,-0.32
13,0.58,0.93
14,-0.20,0.19
15,0.77,-0.85
16,-0.87,0.72
17,-0.87,-0.26
18,0.12,0.05
19,0.15,-0.92
20,0.74,-0.39
21,0.05,-0.09
22,-0.95,-0.31
23,0.83,-0.25
24,-0.61,-0.78
25,0.40,-0.33
26,-0.30,-0.97
27,0.19,0.19
28,-0.61,0.76
29,-0.66,0.95
30,0.66,-0.99
31,-0.68,0.68
32,0.61,-0.96
33,-0.27,-0.55
34,0.81,-0.96
35,0.93,0.85
36,-0.59,0.63
37,0.61,-0.14
38,-0.66,0.97
39,-0.47,0.99
40,-0.04,-0.17
41,-0.20,-0.27
42,0.58,0.28
43,0.07,-0.93
44,1.00,-0.33
45,-0.11,-0.92
46,-0.50,-0.91
47,-0.96,0.37
48,-0.50,0.47
49,-0.02,-0.32
50,0.32,-0.04
51,0.91,-0.14
52,-0.24,-0.80
53,-0.99,0.59
54,0.24,0.47
55,-0.54,0.72
56,0.63,0.06
57,-0.27,0.07
58,-0.81,0.35
59,0.33,-0.68
60,0.18,0.60
61,0.32,-0.01
62,0.11,0.59
63,-0.51,0.97
64,0.44,-0.13
65,-0.32,-0.00
66,0.90,-0.91
67,-0.66,0.35
68,-0.04,0.54
69,-0.17,-0.64
70,-0.03,0.67
71,0.52,0.03
72,1.00,0.90
73,0.77,0.22
74,-0.70,-0.59
75,0.60,-0.91
76,0.02,-0.82
77,-0.01,-0.61
78,-0.87,-0.88
79,0.34,-0.49
80,0.39,0.10
81,0.02,-0.13
82,0.18,-0.29
83,-0.42,-0.47
84,-0.89,0.90
85,-0.47,0.40
86,0.84,-0.98
87,0.34,0.72
88,0.34,-0.70
89,0.89,-0.50
90,-0.10,-0.35
91,0.36,-0.85
92,0.95,-0.44
93,-0.34,-0.73
94,-0.42,0.78
95,-0.34,-0.18
96,-0.46,0.72
97,-0.36,-0.74
98,0.67,-0.30
99,0.51,0.03
100,-0.48,0.61
101,0.15,0.59
102,0.54,0.26
103,0.57,-0.67
104,-0.15,-0.38
105,-0.20,0.60
106,-0.95,0.49
107,-0.06,0.67
108,-0.50,0.13
109,0.21,-0.04
110,-0.78,0.35
111,-0.34,0.73
112,0.94,0.47
113,0.32,-0.98
114,-0.76,0.29
115,-0.01,0.67
116,0.89,0.46
117,-0.69,-0.41
118,0.35,0.17
119,-0.92,0.19
120,0.65,0.68
121,0.58,-0.39
122,-0.95,0.69
123,-0.38,0.62
124,0.12,-0.88
125,0.02,-1.00
126,0.09,0.43
127,-0.59,0.86
128,0.49,0.73
129,0.81,-0.66
130,-0.35,-0.85
131,-0.83,-0.19
132,0.72,0.13
133,-0.18,0.21
134,-0.54,-0.62
135,0.23,-0.93
136,0.46,0.13
137,0.85,0.77
138,0.72,0.34
139,0.82,-0.83
140,-0.64,-0.63
141,0.28,0.91
142,-0.64,0.61
143,-0.79,0.21
144,0.56,0.60
145,-0.04,0.14
146,-0.06,-0.08
147,0.79,0.05
148,-0.60,0.38
149,-0.21,-0.87
150,0.86,-0.55
151,0.45,0.51
152,0.96,-0.47
153,-0.56,-0.99
154,0.62,0.16
155,-0.99,0.56
156,0.37,0.92
157,0.05,-0.69
158,0.99,-0.71
159,0.34,-0.13
160,-0.54,-0.95
161,0.77,-0.09
162,-0.86,-0.63
163,0.52,-0.75
164,-0.41,0.05
165,0.37,-0.10
166,-0.96,-0.64
167,-0.68,-0.28
168,-0.18,0.83
169,-0.15,0.73
170,-0.89,-0.54
171,-0.06,-0.18
172,-0.10,0.23
173,0.69,-0.77
174,-0.55,-0.08
175,0.01,0.95
176,0.69,-0.47
177,0.73,0.75
178,-0.53,-0.56
179,0.38,-0.45
180,-0.19,0.70
181,-0.40,0.32
182,0.49,0.82
183,0.91,-0.42
184,0.73,-0.54
185,-0.07,0.78
186,0.07,-0.23
187,0.96,-0.62
188,-0.32,-0.53
189,-0.91,-0.60
190,0.60,-0.94
191,0.07,-0.07
192,0.76,0.85
193,0.57,-0.26
194,-0.93,0.42
195,-0.05,0.51
196,-0.33,0.67
197,0.42,0.08
198,-0.31,-0.24
199,0.49,0.94
200,0.51,0.88
201,0.56,-0.71
202,-0.38,0.93
203,-0.40,-0.45
204,-0.23,0.80
205,-0.47,0.61
206,-0.15,0.12
207,0.41,0.50
208,0.88,0.63
209,-0.02,0.93
210,0.82,-0.88
211,-0.37,0.57
212,0.67,0.93
213,0.72,0.24
214,-0.49,-0.63
215,0.29,-0.31
216,0.99,-0.63
217,-0.18,-0.27
218,0.60,0.56
219,-0.25,-0.53
220,0.07,-0.96
221,0.32,0.80
222,-0.35,0.38
223,-0.51,-0.12
224,-0.26,0.41
225,0.66,0.32
226,-0.06,-0.63
227,0.59,0.74
228,0.16,0.09
229,-0.26,0.65
230,-0.67,0.05
231,-0.51,-0.61
232,0.99,0.55
233,-0.75,-0.19
234,0.27,0.46
235,-0.90,-0.00
236,0.02,0.39
237,-0.48,-0.85
238,0.70,-0.47
239,-0.62,0.89
240,-0.31,0.64
241,0.29,0.23
242,0.20,-0.93
243,0.53,0.50
244,0.12,-0.33
245,-0.27,0.44
246,0.31,-0.14
247,0.02,0.07
248,0.81,0.69
249,-0.89,0.53
250,0.16,-0.13
251,0.34,0.10
252,-0.10,-0.56
253,-0.86,-0.32
254,0.17,-0.85
255,0.70,0.77
256,0.00,0.73
257,0.55,0.34
258,0.33,-0.09
259,-0.14,-0.22
260,-0.41,-0.63
261,-0.47,-0.94
262,0.80,0.09
263,0.42,0.57
264,-0.28,-0.41
265,-0.32,0.06
266,0.41,0.50
267,0.10,0.12
268,0.94,0.86
269,-0.95,-0.72
270,0.97,0.16
271,0.61,-0.57
272,0.75,0.83
273,-0.06,0.48
274,-0.44,0.10
275,0.78,0.45
276,-0.79,0.15
277,0.28,-0.86
278,-0.29,0.96
279,-0.67,0.13
280,0.89,-0.82
281,-0.30,-0.28
282,-0.44,-0.32
283,0.35,0.99
284,0.27,-0.47
285,0.77,0.50
286,0.07,0.25
287,-0.74,-0.29
288,0.82,-0.55
289,0.86,0.54
290,-0.64,0.79
291,-0.84,-0.25
292,-0.28,0.18
293,-0.82,-0.29
294,0.00,-0.08
295,0.71,0.42
296,-0.14,-0.04
297,0.38,-0.25
298,0.69,0.80
299,0.39,-0.81
300,-0.04,-0.04
301,-0.43,0.52
302,-0.12,-0.23
303,0.36,0.17
304,-0.19,-0.38
305,0.82,0.32
306,0.70,-0.21
307,-0.93,-0.43
308,-0.03,-0.05
309,-0.05,0.36
310,-0.77,-0.35
311,-0.32,0.31
312,-0.95,-0.90
313,-0.48,0.31
314,0.29,-0.67
315,-0.24,-0.26
316,0.75,-0.15
317,-0.29,0.44
318,0.55,0.02
319,-0.15,0.90
320,0.77,0.53
321,-0.92,-0.20
322,0.28,0.05
323,-0.80,-0.59
324,0.95,0.37
325,0.35,0.23
326,-0.36,0.45
327,0.69,-0.96
328,0.16,0.30
329,-0.92,-0.58
330,0.05,0.34
331,-0.90,0.23
332,-0.01,-0.34
333,-0.20,0.81
334,0.72,-0.39
335,0.94,-0.08
336,0.20,0.32
337,-0.03,0.68
338,0.60,-0.30
339,-0.01,0.27
340,0.47,-0.65
341,0.92,-0.92
342,-0.54,-0.09
343,-0.81,-0.65
344,-0.23,-0.67
345,0.77,-0.92
346,-0.80,0.53
347,-0.33,0.19
348,0.49,0.56
349,-0.12,0.08
350,-0.68,-0.77
351,-0.01,0.81
352,-0.33,-0.06
353,-0.04,0.35
354,-0.99,0.50
355,0.76,0.37
356,0.54,0.70
357,-0.25,0.88
358,0.44,0.62
359,0.30,0.10
360,0.55,-0.22
361,0.71,-0.18
362,-0.64,0.92
363,0.37,0.76
364,0.24,0.01
365,-0.64,-0.80
366,-0.86,-0.44
367,0.43,-0.30
368,0.60,-0.30
369,-0.55,0.22
370,-0.55,0.69
371,0.45,0.37
372,-0.03,0.41
373,-0.64,-0.68
374,-0.40,-0.04
375,-0.34,-0.11
376,0.90,-0.50
377,-0.01,-0.09
378,0.28,-0.19
379,-0.96,0.91
380,0.51,0.74
381,-0.60,0.73
382,-0.89,-0.32
383,-0.14,0.16
384,0.01,-0.37
385,0.03,-0.68
386,-0.23,0.78
387,-0.42,-0.94
388,0.81,-0.21
389,-0.27,0.89
390,-0.60,0.87
391,0.55,-0.64
392,-0.51,0.23
393,0.61,-0.88
394,-0.14,-0.81
395,-0.65,0.24
396,0.61,-0.11
397,-0.96,-0.55
398,0.91,0.55
399,-0.73,0.71
400,-0.05,-0.61
401,0.36,0.56
402,0.84,0.95
403,0.03,-0.75
404,-0.12,-0.58
405,-0.85,-0.99
406,-0.85,0.37
407,0.18,-0.53
408,-0.09,-0.92
409,0.58,-0.33
410,0.49,-0.38
411,0.09,-0.90
412,0.67,0.31
413,0.63,-0.31
414,0.45,0.61
415,0.36,0.45
416,0.96,-0.64
417,0.18,0.08
418,-0.91,0.65
419,-0.19,-0.25
420,-0.81,0.89
421,0.62,0.52
422,0.06,0.86
423,-0.33,0.45
424,0.33,0.63
425,-0.68,0.60
426,0.04,-0.45
427,-0.79,-0.85
428,0.79,-0.89
429,0.23,-0.06
430,-0.64,-0.85
431,-0.71,0.23
432,-0.59,-0.64
433,0.45,0.65
434,0.61,-0.96
435,0.34,-0.18
436,-0.29,-0.14
437,0.35,0.77
438,-0.09,-0.80
439,0.97,0.43
440,-0.75,0.52
441,0.75,0.29
442,0.76,0.46
443,0.86,-0.91
444,0.67,0.74
445,-0.84,0.86
446,0.01,0.22
447,-0.08,0.00
448,-0.41,-0.22
449,0.05,-0.55
450,-0.45,-0.95
451,0.28,-0.47
452,0.34,0.56
453,-0.99,0.47
454,-0.03,-0.21
455,0.49,-0.53
456,0.53,-0.82
457,-0.71,0.35
458,-0.79,-0.95
459,0.85,0.25
460,0.24,0.49
461,-0.05,0.42
462,-0.49,0.11
463,0.79,-0.28
464,0.48,1.00
465,0.02,-0.10
466,0.03,0.98
467,0.76,-0.68
468,0.84,0.90
469,-0.11,0.68
470,0.16,-0.71
471,0.14,-0.38
472,0.70,-0.85
473,-0.42,0.91
474,0.96,-0.92
475,0.40,-0.17
476,-0.10,-0.29
477,0.64,0.96
478,0.72,0.88
479,-0.04,-0.34
480,0.47,-0.24
481,0.64,-0.30
482,0.38,0.41
483,-0.26,0.56
484,0.09,-0.10
485,0.02,-0.93
486,-0.79,-0.49
487,-0.48,0.95
488,-0.10,0.43
489,0.01,-0.65
490,0.02,0.70
491,-0.08,0.18
492,-0.19,-0.05
493,0.28,-0.90
494,-0.28,0.07
495,0.85,0.27
496,-0.14,-0.08
497,0.59,0.84
498,0.23,0.27
499,0.72,0.19
500,-0.59,0.59
501,0.38,-0.84
502,-0.71,0.37
503,-0.04,-0.98
504,0.50,-0.48
505,-0.95,0.18
506,0.05,-0.49
507,0.51,-0.88
508,0.64,0.23
509,0.92,0.48
510,-0.91,0.81
511,0.52,0.30
512,0.56,-0.81
513,-0.83,-0.26
514,0.11,-0.13
515,-0.50,0.42
516,0.20,-0.48
517,0.98,0.28
518,-0.53,0.71
519,-0.24,-0.44
520,-0.68,0.34
521,0.24,0.24
522,0.53,0.32
523,-0.15,-0.11
524,-0.06,-0.77
525,-0.23,-0.60
526,0.86,0.44
527,0.71,0.25
528,-0.26,0.12
529,0.73,-0.37
530,-0.10,-0.68
531,-0.42,0.70
532,-0.94,0.01
533,-0.39,-0.36
534,0.52,0.73
535,0.73,0.88
536,-0.06,-0.80
537,-0.07,0.08
538,0.10,-0.90
539,-0.19,0.62
540,0.13,-0.08
541,-0.58,-0.08
542,0.43,-0.39
543,0.88,0.56
544,-0.47,0.22
545,-0.93,-0.90
546,0.14,0.90
547,-0.07,0.44
548,-0.37,-0.28
549,-0.13,-0.20
550,0.41,0.81
551,0.84,-0.67
552,-0.55,-0.63
553,-0.95,-0.54
554,0.14,0.34
555,-0.65,-0.92
556,-0.82,-0.78
557,0.37,0.29
558,0.28,0.24
559,0.20,0.11
560,0.34,-0.99
561,-0.65,0.25
562,0.25,-0.55
563,-0.04,-0.58
564,-0.76,-0.17
565,0.93,0.40
566,-0.30,0.23
567,-0.31,-0.39
568,0.59,-0.05
569,0.76,-0.63
570,0.43,-0.81
571,-0.67,0.95
572,-0.22,-0.87
573,0.87,0.98
574,-0.11,-0.93
575,0.43,-0.90
576,0.61,0.77
577,-0.56,-0.22
578,0.24,-0.62
579,0.93,-0.49
580,0.25,-0.61
581,0.87,-0.98
582,-0.62,0.37
583,-0.63,-0.50
584,0.29,0.23
585,0.25,0.68
586,-0.18,0.85
587,0.10,-0.20
588,0.01,-0.32
589,0.35,-0.84
590,-0.45,0.91
591,0.61,-0.93
592,0.13,0.12
593,0.22,0.70
594,0.64,0.02
595,0.54,-0.76
596,-0.57,0.04
597,-0.58,0.10
598,-0.77,0.83
599,-0.30,0.14
600,-0.60,-0.89
601,0.27,0.77
602,0.64,0.13
603,0.50,0.70
604,0.39,-0.91
605,0.03,-0.48
606,0.89,0.60
607,-0.42,0.25
608,0.78,-0.97
609,-0.81,0.93
610,-0.45,0.01
611,0.66,0.66
612,0.99,0.25
613,-0.39,0.52
614,-0.55,0.50
615,-0.15,-0.50
616,-0.93,0.38
617,0.73,0.14
618,-0.35,0.52
619,0.87,0.65
620,0.45,0.48
621,-0.10,0.49
622,-0.15,0.33
623,0.65,0.36
624,0.49,-0.36
625,-0.88,0.76
626,-0.22,0.96
627,0.50,-0.38
628,0.20,-0.40
629,0.22,0.34
630,0.33,0.73
631,-0.65,-0.93
632,-0.43,-0.16
633,0.57,0.98
634,-0.95,0.25
635,0.65,-0.15
636,-0.41,-0.88
637,-0.91,0.05
638,0.44,0.57
639,-0.68,0.91
640,0.34,0.12
641,-0.76,0.44
642,0.32,-0.01
643,0.81,-0.99
644,0.08,-0.35
645,0.95,-0.21
646,0.52,0.48
647,0.02,-0.99
648,0.59,-0.26
649,-0.81,-0.81
650,0.77,-0.46
651,-0.29,-0.22
652,0.85,0.60
653,-0.72,-0.06
654,0.50,0.03
655,-0.69,-0.74
656,-0.13,0.07
657,-0.33,0.05
658,0.20,-0.25
659,-0.36,0.06
660,-0.25,-0.43
661,-0.65,-0.26
662,0.30,0.04
663,0.65,-0.48
664,0.54,0.74
665,0.77,0.65
666,-0.72,0.13
667,0.39,-0.43
668,0.38,0.33
669,0.31,-0.63
670,0.56,0.80
671,0.33,0.48
672,-0.40,0.73
673,0.18,-0.88
674,0.98,-0.85
675,-0.48,-0.39
676,-0.67,0.90
677,0.59,0.62
678,1.00,-0.71
679,0.08,0.76
680,0.64,0.50
681,-0.57,0.20
682,-0.06,-0.98
683,-0.51,-0.04
684,-0.66,0.53
685,0.05,-0.52
686,-0.43,-0.89
687,-0.90,-0.22
688,-0.33,-0.80
689,0.28,0.83
690,-0.44,0.94
691,-0.21,0.13
692,0.49,0.81
693,-0.97,0.31
694,0.94,-0.76
695,0.48,-0.37
696,-0.77,-0.14
697,0.75,-0.29
698,0.40,-0.96
699,-0.22,-0.93
700,-0.77,0.60
701,-0.95,0.82
702,-0.79,0.62
703,-0.61,0.22
704,-0.11,0.61
705,0.34,0.16
706,0.87,0.93
707,-0.72,0.10
708,-0.83,-0.34
709,0.57,0.84
710,0.75,0.07
711,-0.53,-0.94
712,0.37,-0.47
713,0.18,0.72
714,-0.31,0.56
715,-0.61,-0.04
716,-0.62,-0.37
717,0.89,-0.55
718,-0.34,0.52
719,-0.84,0.14
720,0.62,0.35
721,0.11,-0.12
722,0.60,-0.97
723,-0.44,-0.93
724,-0.01,0.80
725,-0.11,-0.48
726,0.65,-0.20
727,-0.19,0.99
728,-0.03,0.39
729,-0.50,-0.26
730,0.39,-0.95
731,0.90,0.17
732,0.39,0.80
733,0.61,0.80
734,0.56,0.60
735,-0.05,0.83
736,0.27,0.74
737,-0.87,-0.13
738,0.30,0.15
739,0.96,-0.64
740,-0.81,-0.74
741,0.50,-0.14
742,-0.89,-0.88
743,0.54,0.60
744,-0.28,-0.87
745,-0.46,0.69
746,-0.78,-0.21
747,-0.94,-0.58
748,0.84,0.06
749,0.89,-0.47
750,0.61,0.85
751,0.13,-0.34
752,0.56,-0.39
753,-0.14,0.62
754,0.58,0.62
755,-0.39,0.69
756,0.49,-0.18
757,-0.06,-0.63
758,0.22,0.97
759,0.32,0.07
760,-0.61,-0.16
761,-0.12,0.64
762,0.19,-0.73
763,-0.33,-0.06
764,-0.45,0.98
765,0.92,-0.75
766,0.47,-0.32
767,0.99,-0.05
768,-0.33,-0.15
769,0.30,-0.30
770,0.07,-0.23
771,-0.53,-0.47
772,0.18,0.86
773,0.35,0.45
774,-0.69,0.41
775,-0.42,0.39
776,-0.95,-0.52
777,0.07,-0.06
778,-0.27,0.67
779,0.51,0.44
780,-0.51,0.34
781,-0.53,-0.60
782,0.14,-0.49
783,0.67,-0.98
784,0.68,-0.36
785,0.11,0.88
786,0.89,0.54
787,0.57,0.87
788,0.92,0.70
789,-0.70,0.81
790,-0.29,0.40
791,-0.85,0.89
792,-0.89,0.68
793,-0.95,0.32
794,0.60,0.67
795,0.76,0.89
796,0.68,-0.34
797,-0.58,-0.17
798,0.29,0.23
799,-0.82,0.68
800,0.61,0.17
801,-0.86,-0.62
802,-0.75,-0.33
803,0.77,0.96
804,0.79,0.96
805,-0.54,-0.02
806,-0.81,0.68
807,-0.65,-0.90
808,-0.97,0.97
809,0.78,-0.32
810,-0.67,0.64
811,-0.46,-0.99
812,-0.96,-0.45
813,-0.81,0.43
814,-0.69,0.38
815,-0.95,0.12
816,-0.71,-0.80
817,-0.16,-0.61
818,-0.41,-0.04
819,0.15,0.69
820,0.57,0.39
821,0.48,0.85
822,0.77,-0.28
823,0.22,-0.49
824,-0.11,0.94
825,0.95,-0.98
826,0.94,-0.98
827,-0.63,0.97
828,-0.70,0.56
829,-0.87,0.40
830,0.64,-0.24
831,0.48,-0.53
832,0.55,-0.13
833,0.94,-0.37
834,-0.47,-0.64
835,0.53,-0.55
836,-0.46,-0.76
837,-0.68,0.55
838,-0.51,0.28
839,0.86,0.64
840,-0.20,0.67
841,0.85,0.61
842,-0.23,0.62
843,0.75,0.15
844,-0.12,-0.51
845,-1.00,-0.38
846,0.90,-0.15
847,-0.03,-0.91
848,-0.83,0.63
849,0.94,0.86
850,0.71,0.33
851,0.88,-0.85
852,0.63,0.14
853,-0.59,-0.62
854,0.86,-0.31
855,0.30,-0.50
856,0.42,0.66
857,-0.02,0.30
858,-0.56,0.86
859,-0.89,-0.38
860,-0.09,0.77
861,-0.33,-0.94
862,-0.81,-0.62
863,-0.96,0.61
864,-0.27,-0.61
865,-0.48,0.07
866,0.94,0.07
867,0.75,-0.35
868,0.72,0.04
869,0.56,0.18
870,0.14,-0.16
871,0.28,-0.85
872,0.87,0.13
873,-0.21,0.23
874,0.75,-0.45
875,-0.57,-0.58
876,-0.27,0.71
877,-0.88,0.88
878,0.13,0.34
879,-0.66,-0.97
880,0.96,-0.59
881,0.57,-0.59
882,0.85,-0.29
883,0.65,-0.11
884,0.82,-0.02
885,-0.90,0.61
886,0.98,-0.81
887,-0.19,0.47
888,0.65,0.41
889,-0.86,-0.99
890,0.59,-0.87
891,0.55,0.39
892,-0.03,-0.02
893,0.11,-0.67
894,0.04,-0.36
895,-0.59,0.10
896,-0.30,0.79
897,0.44,0.44
898,-0.07,0.46
899,-0.87,-0.01
900,-0.68,0.40
901,-0.40,0.66
902,0.55,0.31
903,0.83,-0.57
904,-0.42,0.91
905,0.20,-0.10
906,0.31,0.28
907,0.81,0.07
908,0.63,0.76
909,-0.88,0.61
910,-0.12,-0.71
911,-0.25,-0.65
912,0.19,-0.58
913,0.57,0.41
914,0.70,0.21
915,0.24,-0.69
916,-0.31,-0.65
917,0.29,-0.68
918,0.47,-0.27
919,0.79,-0.47
920,-0.60,-0.83
921,-0.41,-0.56
922,-0.27,-0.57
923,-0.16,-0.04
924,0.93,-0.99
925,-0.01,-0.34
926,-0.59,-0.15
927,0.30,-0.32
928,-0.84,-0.45
929,-0.77,0.53
930,-0.50,0.71
931,0.35,0.49
932,0.51,0.70
933,0.72,0.24
934,-0.83,-0.52
935,0.04,0.07
936,-0.70,0.50
937,0.82,-0.43
938,-0.39,-0.21
939,-0.55,0.28
940,-0.07,0.28
941,0.81,-0.88
942,0.78,-0.87
943,0.69,-0.59
944,0.86,0.69
945,-0.64,0.13
946,-0.94,0.71
947,-0.83,0.89
948,0.94,-0.32
949,0.44,0.41
950,0.51,-0.25
951,0.49,0.74
952,0.01,0.04
953,-0.67,0.62
954,-0.31,-0.94
955,0.30,0.52
956,0.53,-0.94
957,-0.77,-0.19
958,0.36,-0.73
959,-0.24,-0.33
960,0.65,0.08
961,0.54,-0.82
962,0.95,-0.07
963,0.58,-0.02
964,-0.58,-0.60
965,-0.29,0.85
966,-0.54,-0.16
967,-0.86,0.88
968,0.82,-0.79
969,0.02,-0.98
970,-0.40,0.95
971,-0.39,-0.71
972,-0.59,0.70
973,-0.55,0.58
974,-0.73,-0.18
975,-0.97,0.79
976,-0.92,-0.45
977,-0.48,0.35
978,-0.57,0.34
979,-0.20,-0.71
980,-0.34,0.06
981,-0.77,0.94
982,-0.29,0.36
983,-0.27,0.12
984,0.49,-0.43
985,-0.28,0.10
986,0.42,-0.77
987,-0.02,-0.66
988,-0.50,-0.06
989,-0.38,0.20
990,-0.71,0.75
991,-0.83,-0.78
992,-0.84,0.16
993,0.57,0.92
994,0.04,-0.22
995,-0.65,-0.67
996,-0.08,-0.20
997,0.77,-0.35
998,-0.26,0.20
999,-0.03,0.01
